40.79635518239749,-73.97610191361701
40.79628749268187,-73.97649817599432
40.78993019126683,-73.96966119507087
40.79061605526487,-73.96915302582752
40.791872713346066,-73.9682453371412
40.7925215462991,-73.96777298990136
40.79320776712537,-73.96727277015074
40.794637983520474,-73.96622620719702
40.79579274185484,-73.96538439326918
40.7976538736869,-73.96403572498988
40.798239200645725,-73.96359936460556
40.798897556915534,-73.96311018173336
40.7995740361082,-73.9626216820387
40.80022888287702,-73.96214690935804
40.80085746835603,-73.96168734291724
40.80148594860325,-73.96126774431812
40.79426599373984,-73.97393138733634
40.7936387406252,-73.97438885489933
40.7949156679809,-73.97345561287656
40.795590406165346,-73.97296350293675
40.796244826063734,-73.97248652923412
40.797503047122575,-73.97156887577506
40.80064540236634,-73.9692800104338
40.80199127284244,-73.96834723874144
40.80288331216087,-73.96773575154498
40.8032895602298,-73.96746056043474
40.80453988246861,-73.96656163671972
40.805805060578244,-73.96562802073561
40.806432034706276,-73.96517086072782
40.80635140400658,-73.96497761770325
40.805720830845054,-73.96542748701904
40.80445342832287,-73.96635323745201
40.803212639331306,-73.96727071865882
40.80263668770154,-73.96758875128914
40.80173315367125,-73.96772450748577
40.80010245697768,-73.96798634533877
40.79940219597099,-73.96827499425393
40.798110291974,-73.96912609145514
40.797486056712955,-73.96958413999087
40.796864030213754,-73.97004015165976
40.796235591022395,-73.97049957582253
40.79560145856226,-73.97095901767653
40.79494559464857,-73.97143501318487
40.794271178853066,-73.97193081857685
40.79362033556131,-73.97240549570778
40.792364355158426,-73.97331397348174
40.802571130463576,-73.96795010575633
40.80252318142058,-73.96784502800054
40.801824272916235,-73.96794301990778
40.80018829576878,-73.96819046232616
40.79948485317682,-73.96847140297527
40.79819940929089,-73.96932791783615
40.797568474202336,-73.96978575730773
40.796947945732825,-73.97024168972195
40.796319910585794,-73.97070015270381
40.795685868353004,-73.97116254382493
40.795032854365104,-73.97164010095963
40.79435717589156,-73.97213105338275
40.79370884068639,-73.97260985722728
40.792452078060265,-73.97352317698312
40.80074110598644,-73.97154300542667
40.80238456087074,-73.97032589833503
40.80507794909553,-73.96849752162203
40.80601669758525,-73.96801290476596
40.80732479391952,-73.9672470404795
40.8079421305587,-73.96682215054577
40.80856406141346,-73.96622573366378
40.80850590917521,-73.96610953031269
40.80789368716893,-73.96671016054489
40.80727409660774,-73.9671551589166
40.80658135659394,-73.96756675881718
40.8058096216519,-73.96798911852945
40.80483226988183,-73.96849506726153
40.802981147013135,-73.9697455175284
40.80168169602363,-73.97068795947158
40.800727818089214,-73.97141167706201
40.79751809064912,-73.97355683710057
40.798244445673916,-73.97335572147142
40.798861410661246,-73.97284172173048
40.799425760202425,-73.9722270122648
40.80001925248381,-73.97169147326018
40.80065057826212,-73.97123417169632
40.80127884951515,-73.97077693385285
40.80192760348764,-73.97029602509826
40.80260144493629,-73.96980354745466
40.80388057781917,-73.96887999569049
40.80446273471603,-73.96837240852842
40.804925156849976,-73.96791032731652
40.8058653167808,-73.96747331313793
40.80648522130747,-73.96725560121695
40.793666540746415,-73.9763778640349
40.79443109436634,-73.97629992852742
40.79444496429578,-73.97338432957432
40.79398051549851,-73.97228195952381
40.79365769238349,-73.97151740479262
40.79278249689433,-73.96943694571985
40.78879197153272,-73.96678101909232
40.789420771044945,-73.96632363658756
40.79005025319658,-73.96586150055563
40.790678228863015,-73.9654025255191
40.79132718369793,-73.96493123152321
40.79201303591343,-73.96443069663464
40.79454464787493,-73.96259065010341
40.79642473536349,-73.96121016264914
40.79770328817732,-73.96027645119479
40.798378316457715,-73.95978338718793
40.7990353794731,-73.95930664036395
40.79966462953878,-73.95884774230663
40.80017103958166,-73.95847592139762
40.79118446878388,-73.97246119739992
40.79181278151063,-73.97200289864345
40.7924589028784,-73.97153046807179
40.793716103200865,-73.97061286050393
40.79439347085607,-73.97011924722239
40.795047991814684,-73.96964303589861
40.79567464550671,-73.96918560304275
40.79631590009372,-73.96871602708049
40.79697610539382,-73.9682357619526
40.79755827642094,-73.96780867722359
40.7982019910862,-73.96733640404705
40.79881853605349,-73.96689100535352
40.799446555920625,-73.9664337746227
40.80009895059527,-73.96595815913085
40.80142638187782,-73.96498720883585
40.802057131516165,-73.96453015394368
40.80267234388333,-73.96408113375942
40.804571729458374,-73.96269840012062
40.80519741665185,-73.96224134048859
40.80051275983489,-73.96379589794373
40.799621555985325,-73.96167992919678
40.80220564728706,-73.96780043452385
40.80229912687794,-73.96800579160009
40.79902363423044,-73.9602598831203
40.7964155275708,-73.9621631942775
40.79701358485076,-73.96358646009804
40.80238619753433,-73.96246960146678
40.804168476434576,-73.96670106890328
40.804445630124846,-73.96742588325209
40.805475555694244,-73.96792872666585
40.80575152188321,-73.96808896166242
40.79894392981121,-73.96217224112812
40.79834613191561,-73.9607539923538
40.801353369761834,-73.96787565375013
40.80151641888073,-73.96828446704913
40.802300430913974,-73.9701316851233
40.79964354285737,-73.96075488696673
40.798321176641124,-73.9617295233868
40.797663114566966,-73.96220833252333
40.79702913037414,-73.96266059964208
40.796174066032215,-73.9632877170743
40.79577659429326,-73.96357779572367
40.79512490798987,-73.96405420078032
40.80027200617326,-73.9602958388038
40.80087104616287,-73.95985596740164
40.79345515260563,-73.96894890468545
40.79432958967044,-73.97102627428815
40.79465094301851,-73.97178424743691
40.79497352264649,-73.97254820569322
40.795634818592056,-73.97411344687532
40.80823132245707,-73.96653106641674
40.80733762976573,-73.96439007791751
40.796854591244305,-73.97295403579122
40.7959585995589,-73.97082734246149
40.79563997454274,-73.97007406745603
40.799408037879736,-73.96926691909096
40.79910320946699,-73.96854221485461
40.800017555736915,-73.9707116242763
40.79272104502588,-73.97318656677353
40.79220077352764,-73.97194769120655
40.79033534931333,-73.96750504043588
40.79304539737225,-73.97395470604356
40.79367825980784,-73.97546065933193
40.79827480374545,-73.96266746399203
40.79767833290282,-73.96125198222778
40.80011074110547,-73.9670344812408
40.800506849865066,-73.96797244222307
40.801275504229665,-73.96980008872504
40.80545300599941,-73.96576399034389
40.80580865243772,-73.96661321241717
40.80105323907371,-73.97122448273046
40.800997521477015,-73.97108460475548
40.800648747651834,-73.97025685556164
40.79978182138814,-73.96819797445448
40.79943827179282,-73.96738563872067
40.79840493896867,-73.96497596793964
40.79761899913814,-73.96311949872157
40.79703833816683,-73.96170756801374
40.79690966832109,-73.96914506733098
40.79486404638035,-73.96445579651271
40.797216453225026,-73.96991508284226
40.79868470768736,-73.97337070730313
40.804438448008,-73.96139660602427
40.80608040009385,-73.96530851743086
40.80690275182593,-73.96724309508559
40.806992342053114,-73.96740059438555
40.794991734971816,-73.97845257548383
40.794408274905386,-73.97840476065714
40.793349957577654,-73.97273228544621
40.79302930386689,-73.97197468307232
40.79118707051444,-73.96757921583794
40.79353951445141,-73.97318160330558
40.7938166778466,-73.97384093322876
40.79760141252821,-73.96691600050852
40.7981457899185,-73.96823845971605
40.79847194754935,-73.96900282599589
40.798795278769276,-73.96976047024404
40.80289593659462,-73.9606981083281
40.804348769341196,-73.96019648059837
40.795326249412305,-73.9712875431754
40.79564973788398,-73.97205539820317
40.796245897109955,-73.97345573519841
40.80087860478022,-73.96076131459306
40.80177209495225,-73.96287927661078
40.80356816157368,-73.96714132800493
40.79965528810003,-73.95980164421036
40.800250869749064,-73.96122186712799
40.80292725320452,-73.96757497453034
40.803590638805886,-73.96919419059822
40.803647077698514,-73.9693252761716
40.799092293886936,-73.97504936142468
40.79874088916652,-73.97579567031507
40.80482826542591,-73.96621585133241
40.80573397276291,-73.96780343262223
40.806706322888196,-73.9648478337586
40.80510773798505,-73.96104121506269
40.807573623041705,-73.96692949183216
40.807605209424956,-73.96701144137141
40.796190082691396,-73.97586723717043
40.79783789365207,-73.96945603445009
40.79752277847645,-73.96869630896268
40.798058149382996,-73.96997549535371
40.79879566848488,-73.97170563799173
40.796596829032616,-73.97036816204492
40.79691469493568,-73.97113426990606
40.79753924028746,-73.97263059336748
40.79209412622223,-73.97364908239739
40.79177438724973,-73.97288871084982
40.79008206918503,-73.96888052561853
40.79241727892432,-73.97441361780994
40.79301250282872,-73.9758242324773
40.79660767099106,-73.97560141836559
40.793995648402536,-73.97329387546675
40.79196838263862,-73.96943894666111
40.79141361927419,-73.97008096309338
40.79260035893832,-73.96691521740321
40.79331495419592,-73.96644741167904
40.797965539529606,-73.97558092468175
40.795774788900644,-73.96448880817222
40.796437257368105,-73.96491735694423
40.79693979894414,-73.96560814890375
40.79693161254323,-73.96455912309665
40.803902181901826,-73.96318415506377
40.80322199786577,-73.96367947026891
40.80289261124382,-73.961472571413
40.79990429492824,-73.97261347619516
40.798745349971306,-73.9746795079537
40.79782399385597,-73.9754066319782
40.7989241621613,-73.96853827585898
40.79901128680025,-73.96874139361988
40.8036886012456,-73.96556498704618
40.80256345945993,-73.96475281148997
40.79681207059761,-73.9738410834745
40.7972586957666,-73.97411255958605
40.79517691411556,-73.97604718508698
40.79504058654275,-73.97060254190085
40.79680646124405,-73.97207813988314
40.7990288085949,-73.96120309708765
40.79991276300521,-73.96446579688723
40.80083335712955,-73.96542032822279
40.801337481904795,-73.96380067403283
40.79758668716886,-73.97079586130562
40.798926596848446,-73.96812091775712
40.80097634253764,-73.9669849260521
40.80133652325447,-73.96878716630633
40.800067685098114,-73.96969630897865
40.79582110049509,-73.9627113475119
40.79295456178527,-73.97687907294836
40.79453119832408,-73.97673500644117
40.7954303856002,-73.97687340091812
40.79308626522592,-73.97107232081524
40.80325181225272,-73.96933913930208
40.796361559928975,-73.96982346125888
40.797055975655354,-73.9607478509035
40.80101165218447,-73.9677953756196
40.801071791025535,-73.96802203381725
40.80575922887806,-73.95960454711586
40.79229551593927,-73.97537234769396
40.796221395786624,-73.96949744131153
40.79460454723055,-73.96384388511217
40.79177826185431,-73.96705017750124
40.795106263096564,-73.96217339055002
40.79568174056314,-73.96175262585275
40.802675258244264,-73.96697630749317
40.807078470827136,-73.96469740929126
40.798023737860746,-73.97118729116346
40.79883612377252,-73.97059493048465
40.80506663158497,-73.9599520376185
40.79367857327833,-73.96321832744927
40.798239169214554,-73.97234942570634
40.79422798092729,-73.97287175264091
40.80273115425107,-73.9690527206087
40.79637395392963,-73.9718139251644
40.806511680423796,-73.96634245121578
40.807066007303064,-73.9657096834892
40.79957609979464,-73.97005542757695
40.793157309029475,-73.9747379646542
40.80405060174211,-73.96827910296014
40.80330306189434,-73.96849522166409
40.80202995371463,-73.96950085630186
40.79998553299262,-73.96868398283485
40.80733539084322,-73.96697271874592
40.80769410716566,-73.96524378877068
40.79117521901168,-73.9687494948956
40.7951200403043,-73.96299389325151
40.799630841565744,-73.97174841859136
40.79923610143953,-73.96495831293842
40.80089092569934,-73.96888889369956
40.80177246350706,-73.96677618331373
40.80378692161673,-73.96685117965418
40.80387482598268,-73.96704496529937
40.8051621030217,-73.9670203825971
40.79136096447505,-73.97190831635757
40.79280452699486,-73.9729902172443
40.79289068711711,-73.9732007971333
40.804300267237046,-73.96496942357253
40.79261936594747,-73.96480504548506
40.795993385260886,-73.96691699434754
40.79419635193533,-73.96856488179213
40.79489314873783,-73.97444269529474
40.79425274817324,-73.9748726870222
40.79171508189562,-73.974056624126
40.79163551342487,-73.97385197694281
40.80495751280091,-73.96598146969637
40.80504581285709,-73.96618888076819
40.80023049398187,-73.9592210877252
40.80525000169914,-73.96333948270883
40.804820947986485,-73.96426262092236
40.80769569363543,-73.96425106902574
40.795924310221935,-73.97518989550944
40.79628189405268,-73.97461835466012
40.80576624996643,-73.96064083482592
40.7991497199061,-73.97512262668809
40.8063716097913,-73.9703314103449
40.7991095973357,-73.97494459115842
40.80440124649331,-73.97163352840073
40.79546447974521,-73.97732172600266
40.79521890815683,-73.97729063725461
